2,1,81
68,36,69,67,65
62,64,63,61
58,57,55
4,7,5,3
5,8,4,9,6,7
86,98,87,42,47,98,98,98,98
92,93,33,11,35
19,18,13,14,15,20
71,74,72,90,89
16,17,15,18,76
28,29
56,94,55,96
96,94,56,53,52,51,50,54,95
77,78,79,76
73,76,74,72,17
0,1,32
11,35,8,92
82,21,22,84
15,16,19,14
50,96,94
55,95,58,94,56,59,33,60,32
31,21,81
25,84
84,27,82,83,26,25,24,23,22
24,84
18,16,90,20,19,17
89,90,38,71,74
34,33,32,21,81,93
97,48,35,88,44,43
26,83,84
57,58
70,88,10,69,67
93,34,92,12,91
14,13,19,15
53,96
49,45,48,46,91,85
52,96
13,12,20,14,19
59,55,60,95
61,62
72,73,71,17,90
83,21,26,84
6,35,8,9,5
95,55,54,96,59
98,88,43,86,37
35,48,97,11,6,92,88
23,84
32,34,33,0,1,55,81,60
80,79
27,21,84
10,9,70,67,66,3
1,0,2,32,81
30,21,83,31
3,4,9,66,10
43,44,42,98,98,98,98,98,98
87,37,86
9,88,3,10,5,6
39,38
54,96,95
37,98,87
91,93,49,85,20,12,90
48,44,45,49,35,97
46,42,47,45,49,85
60,55,32,59
64,65,63,62
33,34,32,55,92
65,66,68,64
90,85,91,98,98,98,98,98,98
7,8,4,5
79,80,78,77
51,96
36,88,38,69,68
75,78,76,74
8,11,7,6,5
78,79,77,75
40,38
85,49,91,46,90,47
38,89,36,40,41,39
17,72,16,73,76,18
29,21,28
21,34,83,29,27,82,81,31,30
42,43,46,45,47,44,98,98,98
63,66,64,62
47,86,46,85,42
94,55,96,56,50
41,38
44,43,45,48,42,97
20,18,13,91,19
45,44,42,48,46,49
66,10,67,65,63,3
81,34,2,32,1,31,21
76,75,77,73,16,17
69,68,70,88,36
22,82,84
88,36,98,97,9,70,69,35
67,10,68,70,66
74,75,73,71,89
12,91,13,93
